# MUSE configuration file

[default]
plate = 1
ifu = 1
log = False
sres_fill
covar_ext
z = 0.00489
objra = 180.099091630922
objdec = -1.10007806271799
vdisp = 100.0
ell = 0.276
pa = 27
reff = 31.8
ebvgal = 0.0266

